29
0
59
78
68
29
88
5
55
12
95
33
91
98
30
78
6
98
51
8
27
8
50
70
65
47
86
86
53
51
95
34
69
88
17
32
81
47
50
96
42
88
16
16
43
33
8
39
2
80
58
20
76
35
73
80
21
37
1
87
29
61
23
67
42
38
71
31
63
18
96
88
66
10
43
23
95
20
18
31
15
23
38
13
67
37
62
29
71
58
59
97
37
82
41
8
6
43
98
78
48
41
70
30
7
19
24
79
27
55
92
3
66
15
16
30
3
91
19
13
36
1
8
3
77
47
22
22
13
84
88
61
37
15
68
79
72
8
61
85
73
2
93
59
77
38
38
34
44
97
24
71
17
12
11
60
63
64
72
46
60
67
33
15
89
89
48
42
7
1
32
34
56
81
20
28
66
3
19
83
76
95
15
83
26
93
24
90
16
35
56
75
5
40
30
30
20
96
85
62
36
1
62
24
94
68
67
72
25
86
35
27
78
44
95
20
57
53
15
50
58
24
29
2
39
28
97
80
52
21
73
24
89
29
89
5
91
87
26
92
86
45
9
14
52
11
20
63
26
66
33
76
76
41
17
47
4
19
76
15
5
17
47
92
72
21
94
69
36
82
40
52
22
73
65
99
56
29
50
82
57
84
3
82
52
29
13
14
15
46
83
68
77
87
20
76
95
75
45
36
52
28
61
34
81
12
11
18
14
99
55
4
5
78
59
52
28
64
5
85
68
27
26
59
49
80
51
83
19
92
82
20
40
59
15
30
49
73
98
92
15
97
71
97
93
55
6
93
5
67
52
57
0
59
53
58
63
26
93
46
13
57
31
78
60
40
91
65
58
81
49
35
2
12
63
33
18
54
54
98
47
87
98
59
29
44
97
13
94
19
22
89
55
94
46
99
40
90
48
61
56
47
45
98
50
28
74
87
22
52
58
6
63
33
87
60
13
78
40
97
3
18
50
32
48
89
87
88
73
81
37
35
2
88
88
20
97
61
74
25
79
8
32
30
51
87
96
17
44
63
52
43
17
64
97
89
12
52
84
56
99
54
38
92
28
48
78
67
10
34
47
28
46
56
40
68
42
10
75
58
42
79
28
60
89
65
43
8
34
38
45
34
62
41
31
53
60
94
97
38
57
35
74
20
72
3
4
54
97
63
67
88
6
70
79
99
50
72
33
15
36
4
83
5
2
13
16
31
56
51
52
9
7
94
82
72
70
86
43
62
76
10
30
39
93
0
50
50
17
4
37
24
15
60
71
19
16
70
97
59
12
1
68
52
93
43
8
78
75
31
9
26
77
46
27
20
49
33
19
6
34
38
25
15
59
81
49
75
73
31
20
27
32
63
39
15
38
72
48
54
33
56
80
26
74
85
3
90
9
30
52
50
38
24
1
13
70
98
18
57
65
43
0
27
73
26
14
86
98
9
1
37
67
11
72
68
6
66
59
51
19
83
44
82
8
56
54
60
88
25
97
15
16
39
34
10
60
11
7
73
96
45
2
82
83
12
96
70
77
76
88
19
94
19
81
13
13
99
35
28
80
21
94
39
57
23
78
38
27
24
26
17
91
74
34
37
18
56
39
97
84
93
4
22
68
79
89
27
30
36
40
37
20
16
85
72
41
8
16
13
65
54
50
4
87
73
58
56
13
99
66
92
84
62
46
27
66
81
44
11
89
15
3
83
70
26
68
69
0
16
77
93
10
81
37
23
40
96
20
53
79
99
27
87
68
78
33
66
7
86
67
74
43
67
72
51
42
63
54
72
35
24
31
45
72
18
82
90
95
74
99
85
50
65
47
56
0
67
76
89
81
42
23
92
70
26
36
43
73
44
80
41
61
65
70
67
74
24
97
31
73
39
35
28
70
85
88
92
62
42
76
73
64
78
85
38
8
89
48
45
0
40
71
51
30
53
18
62
52
45
55
34
45
39
97
59
70
88
42
48
37
49
52
60
94
86
20
45
76
76
78
40
20
10
64
28
22
29
82
27
62
46
59
71
16
69
1
25
16
81
80
85
18
68
61
86
28
19
22
50
2
20
85
95
3
55
2
57
36
58
17
14
36
77
53
11
21
59
1
39
5
40
87
90
34
17
7
20
56
67
3
32
71
66
25
46
43
25
37
78
63
60
7
90
45
29
0
33
20
74
62
74
47
65
61
93
21
22
36
67
15
13
1
45
73
75
63
35
71
12
30
70
52
81
80
38
33
74
97
38
47
41
16
17
51
70
36
12
57
70
8
56
4
71
55
65
65
16
8
90